Grading at 09/08/2019:17:29:04.252644
For commit ID a03cb426f5fa12659a680a1f61f4e1034d1925fa
Grading at Sun Sep  8 13:28:57 EDT 2019
Attempting to compile retirement.c
Checking for struct _retire_info
Found on line 4, column 1 
Checking for field int months
Found on line 5, column 3 
Checking for field double contribution
Found on line 6, column 3 
Checking for field double rate_of_return
Found on line 7, column 3 
Checking for typedef of struct _retire_info to retire_info
Found on line 10, column 1 
Checking for void retirement (int startAge, double initial,  retire_info working,  retire_info retired)
Found on line 16, column 1 
Checking for int main(void)
Found on line 39, column 1 
Trying to run retirement calculator..
Your file matched the expected output
Removing your main() and replacing it with our own to run more tests...
                |         Working              |        Retired         
 Age | Initial  | Saving  |   Rate    | Months | Spending |   Rate    | Months | Result
 240 |     0.00 | 1234.00 | 0.0026700 |   597  | -3567.00 | 0.0003900 |   218  | Correct
 240 |     0.00 | 1234.00 | 0.0026700 |   597  | -3567.00 | 0.0003900 |   405  | Correct
 240 |     0.00 | 1234.00 | 0.0026700 |   597  | -3567.00 | 0.0048000 |   221  | Correct
 240 |     0.00 | 1234.00 | 0.0026700 |   597  | -3567.00 | 0.0048000 |   371  | Correct
 240 |     0.00 | 1234.00 | 0.0026700 |   597  | -6534.00 | 0.0004500 |   207  | Correct
 240 |     0.00 | 1234.00 | 0.0026700 |   597  | -6534.00 | 0.0004500 |   371  | Correct
 240 |     0.00 | 1234.00 | 0.0026700 |   597  | -6534.00 | 0.0046200 |   218  | Correct
 240 |     0.00 | 1234.00 | 0.0026700 |   597  | -6534.00 | 0.0046200 |   376  | Correct
 240 |     0.00 | 1234.00 | 0.0026700 |   612  | -3567.00 | 0.0008100 |   231  | Correct
 240 |     0.00 | 1234.00 | 0.0026700 |   612  | -3567.00 | 0.0008100 |   390  | Correct
 240 |     0.00 | 1234.00 | 0.0026700 |   612  | -3567.00 | 0.0041900 |   232  | Correct
 240 |     0.00 | 1234.00 | 0.0026700 |   612  | -3567.00 | 0.0041900 |   393  | Correct
 240 |     0.00 | 1234.00 | 0.0026700 |   612  | -6534.00 | 0.0000000 |   228  | Correct
 240 |     0.00 | 1234.00 | 0.0026700 |   612  | -6534.00 | 0.0000000 |   406  | Correct
 240 |     0.00 | 1234.00 | 0.0026700 |   612  | -6534.00 | 0.0043900 |   210  | Correct
 240 |     0.00 | 1234.00 | 0.0026700 |   612  | -6534.00 | 0.0043900 |   382  | Correct
 240 |     0.00 | 1234.00 | 0.0056700 |   597  | -3567.00 | 0.0003900 |   210  | Correct
 240 |     0.00 | 1234.00 | 0.0056700 |   597  | -3567.00 | 0.0003900 |   379  | Correct
 240 |     0.00 | 1234.00 | 0.0056700 |   597  | -3567.00 | 0.0046600 |   230  | Correct
 240 |     0.00 | 1234.00 | 0.0056700 |   597  | -3567.00 | 0.0046600 |   371  | Correct
 240 |     0.00 | 1234.00 | 0.0056700 |   597  | -6534.00 | 0.0004400 |   222  | Correct
 240 |     0.00 | 1234.00 | 0.0056700 |   597  | -6534.00 | 0.0004400 |   377  | Correct
 240 |     0.00 | 1234.00 | 0.0056700 |   597  | -6534.00 | 0.0044800 |   228  | Correct
 240 |     0.00 | 1234.00 | 0.0056700 |   597  | -6534.00 | 0.0044800 |   372  | Correct
 240 |     0.00 | 1234.00 | 0.0056700 |   588  | -3567.00 | 0.0000800 |   208  | Correct
 240 |     0.00 | 1234.00 | 0.0056700 |   588  | -3567.00 | 0.0000800 |   372  | Correct
 240 |     0.00 | 1234.00 | 0.0056700 |   588  | -3567.00 | 0.0043700 |   229  | Correct
 240 |     0.00 | 1234.00 | 0.0056700 |   588  | -3567.00 | 0.0043700 |   381  | Correct
 240 |     0.00 | 1234.00 | 0.0056700 |   588  | -6534.00 | 0.0007100 |   220  | Correct
 240 |     0.00 | 1234.00 | 0.0056700 |   588  | -6534.00 | 0.0007100 |   388  | Correct
 240 |     0.00 | 1234.00 | 0.0056700 |   588  | -6534.00 | 0.0044300 |   211  | Correct
 240 |     0.00 | 1234.00 | 0.0056700 |   588  | -6534.00 | 0.0044300 |   376  | Correct
 240 |     0.00 | 3296.00 | 0.0026700 |   597  | -3567.00 | 0.0000000 |   216  | Correct
 240 |     0.00 | 3296.00 | 0.0026700 |   597  | -3567.00 | 0.0000000 |   395  | Correct
 240 |     0.00 | 3296.00 | 0.0026700 |   597  | -3567.00 | 0.0040400 |   214  | Correct
 240 |     0.00 | 3296.00 | 0.0026700 |   597  | -3567.00 | 0.0040400 |   403  | Correct
 240 |     0.00 | 3296.00 | 0.0026700 |   597  | -6534.00 | 0.0009400 |   229  | Correct
 240 |     0.00 | 3296.00 | 0.0026700 |   597  | -6534.00 | 0.0009400 |   394  | Correct
 240 |     0.00 | 3296.00 | 0.0026700 |   597  | -6534.00 | 0.0046000 |   224  | Correct
 240 |     0.00 | 3296.00 | 0.0026700 |   597  | -6534.00 | 0.0046000 |   382  | Correct
 240 |     0.00 | 3296.00 | 0.0026700 |   613  | -3567.00 | 0.0003000 |   209  | Correct
 240 |     0.00 | 3296.00 | 0.0026700 |   613  | -3567.00 | 0.0003000 |   371  | Correct
 240 |     0.00 | 3296.00 | 0.0026700 |   613  | -3567.00 | 0.0046900 |   212  | Correct
 240 |     0.00 | 3296.00 | 0.0026700 |   613  | -3567.00 | 0.0046900 |   409  | Correct
 240 |     0.00 | 3296.00 | 0.0026700 |   613  | -6534.00 | 0.0002500 |   204  | Correct
 240 |     0.00 | 3296.00 | 0.0026700 |   613  | -6534.00 | 0.0002500 |   391  | Correct
 240 |     0.00 | 3296.00 | 0.0026700 |   613  | -6534.00 | 0.0041800 |   226  | Correct
 240 |     0.00 | 3296.00 | 0.0026700 |   613  | -6534.00 | 0.0041800 |   377  | Correct
 240 |     0.00 | 3296.00 | 0.0056700 |   597  | -3567.00 | 0.0008400 |   211  | Correct
 240 |     0.00 | 3296.00 | 0.0056700 |   597  | -3567.00 | 0.0008400 |   379  | Correct
 240 |     0.00 | 3296.00 | 0.0056700 |   597  | -3567.00 | 0.0044600 |   222  | Correct
 240 |     0.00 | 3296.00 | 0.0056700 |   597  | -3567.00 | 0.0044600 |   371  | Correct
 240 |     0.00 | 3296.00 | 0.0056700 |   597  | -6534.00 | 0.0003800 |   209  | Correct
 240 |     0.00 | 3296.00 | 0.0056700 |   597  | -6534.00 | 0.0003800 |   392  | Correct
 240 |     0.00 | 3296.00 | 0.0056700 |   597  | -6534.00 | 0.0045400 |   208  | Correct
 240 |     0.00 | 3296.00 | 0.0056700 |   597  | -6534.00 | 0.0045400 |   374  | Correct
 240 |     0.00 | 3296.00 | 0.0056700 |   593  | -3567.00 | 0.0009000 |   215  | Correct
 240 |     0.00 | 3296.00 | 0.0056700 |   593  | -3567.00 | 0.0009000 |   386  | Correct
 240 |     0.00 | 3296.00 | 0.0056700 |   593  | -3567.00 | 0.0042800 |   210  | Correct
 240 |     0.00 | 3296.00 | 0.0056700 |   593  | -3567.00 | 0.0042800 |   402  | Correct
 240 |     0.00 | 3296.00 | 0.0056700 |   593  | -6534.00 | 0.0000200 |   209  | Correct
 240 |     0.00 | 3296.00 | 0.0056700 |   593  | -6534.00 | 0.0000200 |   378  | Correct
 240 |     0.00 | 3296.00 | 0.0056700 |   593  | -6534.00 | 0.0044000 |   212  | Correct
 240 |     0.00 | 3296.00 | 0.0056700 |   593  | -6534.00 | 0.0044000 |   395  | Correct
 240 | 11212.83 | 1234.00 | 0.0026700 |   597  | -3567.00 | 0.0005700 |   224  | Correct
 240 | 11212.83 | 1234.00 | 0.0026700 |   597  | -3567.00 | 0.0005700 |   387  | Correct
 240 | 11212.83 | 1234.00 | 0.0026700 |   597  | -3567.00 | 0.0046200 |   214  | Correct
 240 | 11212.83 | 1234.00 | 0.0026700 |   597  | -3567.00 | 0.0046200 |   402  | Correct
 240 | 11212.83 | 1234.00 | 0.0026700 |   597  | -6534.00 | 0.0009400 |   216  | Correct
 240 | 11212.83 | 1234.00 | 0.0026700 |   597  | -6534.00 | 0.0009400 |   393  | Correct
 240 | 11212.83 | 1234.00 | 0.0026700 |   597  | -6534.00 | 0.0041600 |   207  | Correct
 240 | 11212.83 | 1234.00 | 0.0026700 |   597  | -6534.00 | 0.0041600 |   382  | Correct
 240 | 11212.83 | 1234.00 | 0.0026700 |   613  | -3567.00 | 0.0003400 |   212  | Correct
 240 | 11212.83 | 1234.00 | 0.0026700 |   613  | -3567.00 | 0.0003400 |   372  | Correct
 240 | 11212.83 | 1234.00 | 0.0026700 |   613  | -3567.00 | 0.0049800 |   227  | Correct
 240 | 11212.83 | 1234.00 | 0.0026700 |   613  | -3567.00 | 0.0049800 |   397  | Correct
 240 | 11212.83 | 1234.00 | 0.0026700 |   613  | -6534.00 | 0.0001700 |   221  | Correct
 240 | 11212.83 | 1234.00 | 0.0026700 |   613  | -6534.00 | 0.0001700 |   398  | Correct
 240 | 11212.83 | 1234.00 | 0.0026700 |   613  | -6534.00 | 0.0041000 |   228  | Correct
 240 | 11212.83 | 1234.00 | 0.0026700 |   613  | -6534.00 | 0.0041000 |   404  | Correct
 240 | 11212.83 | 1234.00 | 0.0056700 |   597  | -3567.00 | 0.0006800 |   232  | Correct
 240 | 11212.83 | 1234.00 | 0.0056700 |   597  | -3567.00 | 0.0006800 |   404  | Correct
 240 | 11212.83 | 1234.00 | 0.0056700 |   597  | -3567.00 | 0.0047400 |   224  | Correct
 240 | 11212.83 | 1234.00 | 0.0056700 |   597  | -3567.00 | 0.0047400 |   374  | Correct
 240 | 11212.83 | 1234.00 | 0.0056700 |   597  | -6534.00 | 0.0007300 |   232  | Correct
 240 | 11212.83 | 1234.00 | 0.0056700 |   597  | -6534.00 | 0.0007300 |   379  | Correct
 240 | 11212.83 | 1234.00 | 0.0056700 |   597  | -6534.00 | 0.0045800 |   228  | Correct
 240 | 11212.83 | 1234.00 | 0.0056700 |   597  | -6534.00 | 0.0045800 |   376  | Correct
 240 | 11212.83 | 1234.00 | 0.0056700 |   612  | -3567.00 | 0.0006800 |   218  | Correct
 240 | 11212.83 | 1234.00 | 0.0056700 |   612  | -3567.00 | 0.0006800 |   391  | Correct
 240 | 11212.83 | 1234.00 | 0.0056700 |   612  | -3567.00 | 0.0044500 |   232  | Correct
 240 | 11212.83 | 1234.00 | 0.0056700 |   612  | -3567.00 | 0.0044500 |   375  | Correct
 240 | 11212.83 | 1234.00 | 0.0056700 |   612  | -6534.00 | 0.0009500 |   228  | Correct
 240 | 11212.83 | 1234.00 | 0.0056700 |   612  | -6534.00 | 0.0009500 |   399  | Correct
 240 | 11212.83 | 1234.00 | 0.0056700 |   612  | -6534.00 | 0.0041400 |   212  | Correct
 240 | 11212.83 | 1234.00 | 0.0056700 |   612  | -6534.00 | 0.0041400 |   381  | Correct
 240 | 11212.83 | 2364.00 | 0.0026700 |   597  | -3567.00 | 0.0000100 |   227  | Correct
 240 | 11212.83 | 2364.00 | 0.0026700 |   597  | -3567.00 | 0.0000100 |   404  | Correct
 240 | 11212.83 | 2364.00 | 0.0026700 |   597  | -3567.00 | 0.0043000 |   207  | Correct
 240 | 11212.83 | 2364.00 | 0.0026700 |   597  | -3567.00 | 0.0043000 |   386  | Correct
 240 | 11212.83 | 2364.00 | 0.0026700 |   597  | -6534.00 | 0.0008700 |   210  | Correct
 240 | 11212.83 | 2364.00 | 0.0026700 |   597  | -6534.00 | 0.0008700 |   374  | Correct
 240 | 11212.83 | 2364.00 | 0.0026700 |   597  | -6534.00 | 0.0047000 |   216  | Correct
 240 | 11212.83 | 2364.00 | 0.0026700 |   597  | -6534.00 | 0.0047000 |   383  | Correct
 240 | 11212.83 | 2364.00 | 0.0026700 |   593  | -3567.00 | 0.0005700 |   215  | Correct
 240 | 11212.83 | 2364.00 | 0.0026700 |   593  | -3567.00 | 0.0005700 |   398  | Correct
 240 | 11212.83 | 2364.00 | 0.0026700 |   593  | -3567.00 | 0.0041300 |   214  | Correct
 240 | 11212.83 | 2364.00 | 0.0026700 |   593  | -3567.00 | 0.0041300 |   389  | Correct
 240 | 11212.83 | 2364.00 | 0.0026700 |   593  | -6534.00 | 0.0009500 |   209  | Correct
 240 | 11212.83 | 2364.00 | 0.0026700 |   593  | -6534.00 | 0.0009500 |   399  | Correct
 240 | 11212.83 | 2364.00 | 0.0026700 |   593  | -6534.00 | 0.0040300 |   216  | Correct
 240 | 11212.83 | 2364.00 | 0.0026700 |   593  | -6534.00 | 0.0040300 |   407  | Correct
 240 | 11212.83 | 2364.00 | 0.0056700 |   597  | -3567.00 | 0.0002100 |   221  | Correct
 240 | 11212.83 | 2364.00 | 0.0056700 |   597  | -3567.00 | 0.0002100 |   381  | Correct
 240 | 11212.83 | 2364.00 | 0.0056700 |   597  | -3567.00 | 0.0041700 |   210  | Correct
 240 | 11212.83 | 2364.00 | 0.0056700 |   597  | -3567.00 | 0.0041700 |   386  | Correct
 240 | 11212.83 | 2364.00 | 0.0056700 |   597  | -6534.00 | 0.0005900 |   228  | Correct
 240 | 11212.83 | 2364.00 | 0.0056700 |   597  | -6534.00 | 0.0005900 |   384  | Correct
 240 | 11212.83 | 2364.00 | 0.0056700 |   597  | -6534.00 | 0.0045100 |   206  | Correct
 240 | 11212.83 | 2364.00 | 0.0056700 |   597  | -6534.00 | 0.0045100 |   404  | Correct
 240 | 11212.83 | 2364.00 | 0.0056700 |   595  | -3567.00 | 0.0003300 |   232  | Correct
 240 | 11212.83 | 2364.00 | 0.0056700 |   595  | -3567.00 | 0.0003300 |   397  | Correct
 240 | 11212.83 | 2364.00 | 0.0056700 |   595  | -3567.00 | 0.0046600 |   207  | Correct
 240 | 11212.83 | 2364.00 | 0.0056700 |   595  | -3567.00 | 0.0046600 |   387  | Correct
 240 | 11212.83 | 2364.00 | 0.0056700 |   595  | -6534.00 | 0.0007400 |   231  | Correct
 240 | 11212.83 | 2364.00 | 0.0056700 |   595  | -6534.00 | 0.0007400 |   406  | Correct
 240 | 11212.83 | 2364.00 | 0.0056700 |   595  | -6534.00 | 0.0048300 |   230  | Correct
 240 | 11212.83 | 2364.00 | 0.0056700 |   595  | -6534.00 | 0.0048300 |   383  | Correct
 345 |     0.00 | 1234.00 | 0.0026700 |   597  | -3567.00 | 0.0006600 |   206  | Correct
 345 |     0.00 | 1234.00 | 0.0026700 |   597  | -3567.00 | 0.0006600 |   377  | Correct
 345 |     0.00 | 1234.00 | 0.0026700 |   597  | -3567.00 | 0.0048900 |   227  | Correct
 345 |     0.00 | 1234.00 | 0.0026700 |   597  | -3567.00 | 0.0048900 |   389  | Correct
 345 |     0.00 | 1234.00 | 0.0026700 |   597  | -6534.00 | 0.0008800 |   223  | Correct
 345 |     0.00 | 1234.00 | 0.0026700 |   597  | -6534.00 | 0.0008800 |   407  | Correct
 345 |     0.00 | 1234.00 | 0.0026700 |   597  | -6534.00 | 0.0049600 |   227  | Correct
 345 |     0.00 | 1234.00 | 0.0026700 |   597  | -6534.00 | 0.0049600 |   387  | Correct
 345 |     0.00 | 1234.00 | 0.0026700 |   592  | -3567.00 | 0.0006800 |   224  | Correct
 345 |     0.00 | 1234.00 | 0.0026700 |   592  | -3567.00 | 0.0006800 |   387  | Correct
 345 |     0.00 | 1234.00 | 0.0026700 |   592  | -3567.00 | 0.0047600 |   212  | Correct
 345 |     0.00 | 1234.00 | 0.0026700 |   592  | -3567.00 | 0.0047600 |   379  | Correct
 345 |     0.00 | 1234.00 | 0.0026700 |   592  | -6534.00 | 0.0007800 |   228  | Correct
 345 |     0.00 | 1234.00 | 0.0026700 |   592  | -6534.00 | 0.0007800 |   395  | Correct
 345 |     0.00 | 1234.00 | 0.0026700 |   592  | -6534.00 | 0.0048900 |   209  | Correct
 345 |     0.00 | 1234.00 | 0.0026700 |   592  | -6534.00 | 0.0048900 |   407  | Correct
 345 |     0.00 | 1234.00 | 0.0056700 |   597  | -3567.00 | 0.0002900 |   215  | Correct
 345 |     0.00 | 1234.00 | 0.0056700 |   597  | -3567.00 | 0.0002900 |   396  | Correct
 345 |     0.00 | 1234.00 | 0.0056700 |   597  | -3567.00 | 0.0049600 |   208  | Correct
 345 |     0.00 | 1234.00 | 0.0056700 |   597  | -3567.00 | 0.0049600 |   380  | Correct
 345 |     0.00 | 1234.00 | 0.0056700 |   597  | -6534.00 | 0.0006900 |   227  | Correct
 345 |     0.00 | 1234.00 | 0.0056700 |   597  | -6534.00 | 0.0006900 |   382  | Correct
 345 |     0.00 | 1234.00 | 0.0056700 |   597  | -6534.00 | 0.0040500 |   205  | Correct
 345 |     0.00 | 1234.00 | 0.0056700 |   597  | -6534.00 | 0.0040500 |   408  | Correct
 345 |     0.00 | 1234.00 | 0.0056700 |   598  | -3567.00 | 0.0008300 |   215  | Correct
 345 |     0.00 | 1234.00 | 0.0056700 |   598  | -3567.00 | 0.0008300 |   370  | Correct
 345 |     0.00 | 1234.00 | 0.0056700 |   598  | -3567.00 | 0.0043800 |   209  | Correct
 345 |     0.00 | 1234.00 | 0.0056700 |   598  | -3567.00 | 0.0043800 |   388  | Correct
 345 |     0.00 | 1234.00 | 0.0056700 |   598  | -6534.00 | 0.0001300 |   233  | Correct
 345 |     0.00 | 1234.00 | 0.0056700 |   598  | -6534.00 | 0.0001300 |   409  | Correct
 345 |     0.00 | 1234.00 | 0.0056700 |   598  | -6534.00 | 0.0049100 |   231  | Correct
 345 |     0.00 | 1234.00 | 0.0056700 |   598  | -6534.00 | 0.0049100 |   386  | Correct
 345 |     0.00 | 3757.00 | 0.0026700 |   597  | -3567.00 | 0.0000800 |   227  | Correct
 345 |     0.00 | 3757.00 | 0.0026700 |   597  | -3567.00 | 0.0000800 |   385  | Correct
 345 |     0.00 | 3757.00 | 0.0026700 |   597  | -3567.00 | 0.0043300 |   210  | Correct
 345 |     0.00 | 3757.00 | 0.0026700 |   597  | -3567.00 | 0.0043300 |   377  | Correct
 345 |     0.00 | 3757.00 | 0.0026700 |   597  | -6534.00 | 0.0001700 |   224  | Correct
 345 |     0.00 | 3757.00 | 0.0026700 |   597  | -6534.00 | 0.0001700 |   389  | Correct
 345 |     0.00 | 3757.00 | 0.0026700 |   597  | -6534.00 | 0.0048800 |   216  | Correct
 345 |     0.00 | 3757.00 | 0.0026700 |   597  | -6534.00 | 0.0048800 |   399  | Correct
 345 |     0.00 | 3757.00 | 0.0026700 |   605  | -3567.00 | 0.0004300 |   231  | Correct
 345 |     0.00 | 3757.00 | 0.0026700 |   605  | -3567.00 | 0.0004300 |   399  | Correct
 345 |     0.00 | 3757.00 | 0.0026700 |   605  | -3567.00 | 0.0040200 |   211  | Correct
 345 |     0.00 | 3757.00 | 0.0026700 |   605  | -3567.00 | 0.0040200 |   377  | Correct
 345 |     0.00 | 3757.00 | 0.0026700 |   605  | -6534.00 | 0.0008400 |   208  | Correct
 345 |     0.00 | 3757.00 | 0.0026700 |   605  | -6534.00 | 0.0008400 |   406  | Correct
 345 |     0.00 | 3757.00 | 0.0026700 |   605  | -6534.00 | 0.0041400 |   225  | Correct
 345 |     0.00 | 3757.00 | 0.0026700 |   605  | -6534.00 | 0.0041400 |   370  | Correct
 345 |     0.00 | 3757.00 | 0.0056700 |   597  | -3567.00 | 0.0006900 |   212  | Correct
 345 |     0.00 | 3757.00 | 0.0056700 |   597  | -3567.00 | 0.0006900 |   375  | Correct
 345 |     0.00 | 3757.00 | 0.0056700 |   597  | -3567.00 | 0.0045800 |   220  | Correct
 345 |     0.00 | 3757.00 | 0.0056700 |   597  | -3567.00 | 0.0045800 |   407  | Correct
 345 |     0.00 | 3757.00 | 0.0056700 |   597  | -6534.00 | 0.0001500 |   220  | Correct
 345 |     0.00 | 3757.00 | 0.0056700 |   597  | -6534.00 | 0.0001500 |   375  | Correct
 345 |     0.00 | 3757.00 | 0.0056700 |   597  | -6534.00 | 0.0040200 |   232  | Correct
 345 |     0.00 | 3757.00 | 0.0056700 |   597  | -6534.00 | 0.0040200 |   380  | Correct
 345 |     0.00 | 3757.00 | 0.0056700 |   596  | -3567.00 | 0.0003000 |   205  | Correct
 345 |     0.00 | 3757.00 | 0.0056700 |   596  | -3567.00 | 0.0003000 |   403  | Correct
 345 |     0.00 | 3757.00 | 0.0056700 |   596  | -3567.00 | 0.0048200 |   225  | Correct
 345 |     0.00 | 3757.00 | 0.0056700 |   596  | -3567.00 | 0.0048200 |   398  | Correct
 345 |     0.00 | 3757.00 | 0.0056700 |   596  | -6534.00 | 0.0001500 |   212  | Correct
 345 |     0.00 | 3757.00 | 0.0056700 |   596  | -6534.00 | 0.0001500 |   379  | Correct
 345 |     0.00 | 3757.00 | 0.0056700 |   596  | -6534.00 | 0.0046400 |   227  | Correct
 345 |     0.00 | 3757.00 | 0.0056700 |   596  | -6534.00 | 0.0046400 |   395  | Correct
 345 |  7240.68 | 1234.00 | 0.0026700 |   597  | -3567.00 | 0.0001200 |   232  | Correct
 345 |  7240.68 | 1234.00 | 0.0026700 |   597  | -3567.00 | 0.0001200 |   387  | Correct
 345 |  7240.68 | 1234.00 | 0.0026700 |   597  | -3567.00 | 0.0042300 |   218  | Correct
 345 |  7240.68 | 1234.00 | 0.0026700 |   597  | -3567.00 | 0.0042300 |   385  | Correct
 345 |  7240.68 | 1234.00 | 0.0026700 |   597  | -6534.00 | 0.0001200 |   220  | Correct
 345 |  7240.68 | 1234.00 | 0.0026700 |   597  | -6534.00 | 0.0001200 |   376  | Correct
 345 |  7240.68 | 1234.00 | 0.0026700 |   597  | -6534.00 | 0.0043000 |   228  | Correct
 345 |  7240.68 | 1234.00 | 0.0026700 |   597  | -6534.00 | 0.0043000 |   385  | Correct
 345 |  7240.68 | 1234.00 | 0.0026700 |   603  | -3567.00 | 0.0000900 |   209  | Correct
 345 |  7240.68 | 1234.00 | 0.0026700 |   603  | -3567.00 | 0.0000900 |   406  | Correct
 345 |  7240.68 | 1234.00 | 0.0026700 |   603  | -3567.00 | 0.0043200 |   208  | Correct
 345 |  7240.68 | 1234.00 | 0.0026700 |   603  | -3567.00 | 0.0043200 |   377  | Correct
 345 |  7240.68 | 1234.00 | 0.0026700 |   603  | -6534.00 | 0.0008300 |   209  | Correct
 345 |  7240.68 | 1234.00 | 0.0026700 |   603  | -6534.00 | 0.0008300 |   371  | Correct
 345 |  7240.68 | 1234.00 | 0.0026700 |   603  | -6534.00 | 0.0047600 |   227  | Correct
 345 |  7240.68 | 1234.00 | 0.0026700 |   603  | -6534.00 | 0.0047600 |   409  | Correct
 345 |  7240.68 | 1234.00 | 0.0056700 |   597  | -3567.00 | 0.0009000 |   221  | Correct
 345 |  7240.68 | 1234.00 | 0.0056700 |   597  | -3567.00 | 0.0009000 |   385  | Correct
 345 |  7240.68 | 1234.00 | 0.0056700 |   597  | -3567.00 | 0.0040500 |   228  | Correct
 345 |  7240.68 | 1234.00 | 0.0056700 |   597  | -3567.00 | 0.0040500 |   407  | Correct
 345 |  7240.68 | 1234.00 | 0.0056700 |   597  | -6534.00 | 0.0008600 |   225  | Correct
 345 |  7240.68 | 1234.00 | 0.0056700 |   597  | -6534.00 | 0.0008600 |   397  | Correct
 345 |  7240.68 | 1234.00 | 0.0056700 |   597  | -6534.00 | 0.0046800 |   207  | Correct
 345 |  7240.68 | 1234.00 | 0.0056700 |   597  | -6534.00 | 0.0046800 |   396  | Correct
 345 |  7240.68 | 1234.00 | 0.0056700 |   604  | -3567.00 | 0.0009100 |   232  | Correct
 345 |  7240.68 | 1234.00 | 0.0056700 |   604  | -3567.00 | 0.0009100 |   396  | Correct
 345 |  7240.68 | 1234.00 | 0.0056700 |   604  | -3567.00 | 0.0041700 |   222  | Correct
 345 |  7240.68 | 1234.00 | 0.0056700 |   604  | -3567.00 | 0.0041700 |   389  | Correct
 345 |  7240.68 | 1234.00 | 0.0056700 |   604  | -6534.00 | 0.0005500 |   217  | Correct
 345 |  7240.68 | 1234.00 | 0.0056700 |   604  | -6534.00 | 0.0005500 |   397  | Correct
 345 |  7240.68 | 1234.00 | 0.0056700 |   604  | -6534.00 | 0.0045200 |   216  | Correct
 345 |  7240.68 | 1234.00 | 0.0056700 |   604  | -6534.00 | 0.0045200 |   395  | Correct
 345 |  7240.68 | 3041.00 | 0.0026700 |   597  | -3567.00 | 0.0006000 |   227  | Correct
 345 |  7240.68 | 3041.00 | 0.0026700 |   597  | -3567.00 | 0.0006000 |   378  | Correct
 345 |  7240.68 | 3041.00 | 0.0026700 |   597  | -3567.00 | 0.0043200 |   208  | Correct
 345 |  7240.68 | 3041.00 | 0.0026700 |   597  | -3567.00 | 0.0043200 |   374  | Correct
 345 |  7240.68 | 3041.00 | 0.0026700 |   597  | -6534.00 | 0.0008200 |   222  | Correct
 345 |  7240.68 | 3041.00 | 0.0026700 |   597  | -6534.00 | 0.0008200 |   399  | Correct
 345 |  7240.68 | 3041.00 | 0.0026700 |   597  | -6534.00 | 0.0048400 |   209  | Correct
 345 |  7240.68 | 3041.00 | 0.0026700 |   597  | -6534.00 | 0.0048400 |   378  | Correct
 345 |  7240.68 | 3041.00 | 0.0026700 |   590  | -3567.00 | 0.0000900 |   227  | Correct
 345 |  7240.68 | 3041.00 | 0.0026700 |   590  | -3567.00 | 0.0000900 |   390  | Correct
 345 |  7240.68 | 3041.00 | 0.0026700 |   590  | -3567.00 | 0.0046200 |   221  | Correct
 345 |  7240.68 | 3041.00 | 0.0026700 |   590  | -3567.00 | 0.0046200 |   391  | Correct
 345 |  7240.68 | 3041.00 | 0.0026700 |   590  | -6534.00 | 0.0002900 |   213  | Correct
 345 |  7240.68 | 3041.00 | 0.0026700 |   590  | -6534.00 | 0.0002900 |   400  | Correct
 345 |  7240.68 | 3041.00 | 0.0026700 |   590  | -6534.00 | 0.0040200 |   233  | Correct
 345 |  7240.68 | 3041.00 | 0.0026700 |   590  | -6534.00 | 0.0040200 |   375  | Correct
 345 |  7240.68 | 3041.00 | 0.0056700 |   597  | -3567.00 | 0.0009800 |   209  | Correct
 345 |  7240.68 | 3041.00 | 0.0056700 |   597  | -3567.00 | 0.0009800 |   398  | Correct
 345 |  7240.68 | 3041.00 | 0.0056700 |   597  | -3567.00 | 0.0040200 |   232  | Correct
 345 |  7240.68 | 3041.00 | 0.0056700 |   597  | -3567.00 | 0.0040200 |   409  | Correct
 345 |  7240.68 | 3041.00 | 0.0056700 |   597  | -6534.00 | 0.0000400 |   213  | Correct
 345 |  7240.68 | 3041.00 | 0.0056700 |   597  | -6534.00 | 0.0000400 |   394  | Correct
 345 |  7240.68 | 3041.00 | 0.0056700 |   597  | -6534.00 | 0.0040700 |   228  | Correct
 345 |  7240.68 | 3041.00 | 0.0056700 |   597  | -6534.00 | 0.0040700 |   378  | Correct
 345 |  7240.68 | 3041.00 | 0.0056700 |   611  | -3567.00 | 0.0002500 |   219  | Correct
 345 |  7240.68 | 3041.00 | 0.0056700 |   611  | -3567.00 | 0.0002500 |   394  | Correct
 345 |  7240.68 | 3041.00 | 0.0056700 |   611  | -3567.00 | 0.0040200 |   228  | Correct
 345 |  7240.68 | 3041.00 | 0.0056700 |   611  | -3567.00 | 0.0040200 |   396  | Correct
 345 |  7240.68 | 3041.00 | 0.0056700 |   611  | -6534.00 | 0.0007000 |   228  | Correct
 345 |  7240.68 | 3041.00 | 0.0056700 |   611  | -6534.00 | 0.0007000 |   379  | Correct
 345 |  7240.68 | 3041.00 | 0.0056700 |   611  | -6534.00 | 0.0045900 |   231  | Correct
 345 |  7240.68 | 3041.00 | 0.0056700 |   611  | -6534.00 | 0.0045900 |   400  | Correct

Overall Grade: A
